1099051939.4	Star	501.56975306	114.336122834	240.391925637
1108247440.4	Star	85.92059306	498.901649834	7.57411800255
1167410642.4	Star	202.47797306	456.077133434	6164.2486775
818806865.4	Star	15.47219306	492.156977834	9.29665863391
818807266.4	Star	326.90459306	227.415166634	68827.8349195
818806902.4	Star	134.24609306	234.905143034	74.3854465407
1099049232.4	Star	31.62593306	0.200493434	36.5592684615
1099064404.4	Star	2225.67635306	1436.46498583	4.33423811025
1099064976.4	Star	2309.69279306	1499.89894783	12.0354082712
990067571.4	Star	2085.75965306	1577.45630383	19.0173352631
1167414512.4	Star	2094.77891306	1057.68761983	1.98494990202
1099063460.4	Star	2191.10357306	1057.67399383	1791.90580072
1108251585.4	Star	2137.58561306	1230.37088983	80.5698342474
1099063690.4	Star	2212.02677306	1136.98474783	1.06487803193
818811191.4	Star	2132.98373306	1218.41609983	85.2567899887
818812055.4	Star	2659.52873306	1056.50014183	5.8041136412
1099065046.4	Star	2418.54977306	1246.96111183	4.23041197577
1099065375.4	Star	2455.37417306	1293.56923183	81.6701890902
1099064863.4	Star	2456.85935306	1056.84368983	1.89871974728
818811754.4	Star	2452.79261306	1169.81336383	124.007193796
990067699.4	Star	2478.53963306	1084.98341383	145.637722928
1099065107.4	Star	2370.43433306	1405.04476183	1.39649971335
1167414765.4	Star	2132.91821306	1330.87127983	2.51211639815
818810575.4	Star	2109.23489306	320.640278834	46.9608411293
1099062830.4	Star	2378.79767306	273.069648434	3926.93553776
1099062192.4	Star	2229.63581306	382.429829234	247.139336253
1099061934.4	Star	2116.77851306	542.337359834	1.02437947284
1099064449.4	Star	2637.46451306	374.789300834	107.876801314
1167414377.4	Star	2039.01257306	1011.32388583	330.632809304
1167414206.4	Star	2087.18489306	652.245179834	6.17764478025
818810903.4	Star	2183.10221306	651.848441834	185.927931889
818810945.4	Star	2142.56189306	832.018469834	295.468119854
990067520.4	Star	2404.34057306	457.648533434	6311.25038918
1099062910.4	Star	2366.49701306	338.372591834	1.97680335286
1099063302.4	Star	2392.43483306	448.525978634	2267.06476128
1167414405.4	Star	2228.64833306	549.178763834	150.751512266
818811858.4	Star	2828.87201306	330.454213634	190.348454625
818812127.4	Star	2906.14493306	511.903265834	398671.440157
1099066208.4	Star	2995.38875306	268.979364434	1.00950874019
1108252896.4	Star	3171.29483306	396.606247634	1.06548157459
1108252658.4	Star	3035.18135306	420.775663034	1477.03308115
1167415238.4	Star	2793.91331306	300.516689234	26.6766976769
1167415434.4	Star	2783.53343306	597.253721834	2.71732682411
1099064653.4	Star	2600.42789306	565.690019834	37.2694733584
818811679.4	Star	2654.81633306	533.700599834	4046.49948972
1099065828.4	Star	2688.61781306	902.708879834	16.6689697642
1167414760.4	Star	2360.75555306	720.672323834	8.76287950265
990067569.4	Star	2389.03553306	769.835525834	75.5283858599
588514790.4	Star	2376.69149306	908.152727834	299.424887085
818811431.4	Star	2347.67153306	989.197565834	255.831735892
1099063382.4	Star	2228.24243306	919.809707834	28.4708279085
1158270412.4	Star	2444.11571306	884.106527834	104.260656498
1099060830.4	Star	2133.66593306	5.683516634	217.226294503
1167414388.4	Star	2392.85531306	93.281548034	28.3984643946
990067553.4	Star	2602.12817306	107.519607434	333371.22856
1099062853.4	Star	2422.17965306	166.465696034	25.5949115018
1158270939.4	Star	3590.13395306	192.694856834	18206.1047799
818812984.4	Star	3499.36031306	211.206908234	12.7291891134
1108253029.4	Star	3351.34073306	123.664606634	4.3300697968
1158270581.4	Star	3056.52881306	3.142742834	33.2446326796
1099066561.4	Star	3131.47865306	99.184525634	20670.3763652
1099067351.4	Star	3306.48311306	18.871445234	394.520140982
1099064882.4	Star	2845.28387306	41.121860834	3.90329090479
1099057667.4	Star	232.56749306	3532.38331183	5.83001619286
426055317.4	Star	12.64493306	3797.55063583	116783.199689
1167412628.4	Star	30.76049306	3750.94087783	1924.29572092
1108248480.4	Star	111.27593306	1904.69338783	1.63294917233
588514773.4	Star	1929.81593306	1890.25529983	1985.31825255
1099062637.4	Star	1655.27039306	2088.10825783	6.1425573103
1167414308.4	Star	1688.74769306	1841.80113583	60.4323451832
1099063218.4	Star	1811.04311306	1944.76529383	9.17987814459
1167414109.4	Star	1422.73721306	2254.94330983	5.65469459396
1167413923.4	Star	1431.52247306	1979.46070783	1.92996386248
1099060251.4	Star	1258.97159306	2051.52404983	3.23823765699
1099061013.4	Star	1403.94989306	1998.01179583	16.7293662825
1099062384.4	Star	1608.36761306	2099.30602183	49.6748269177
1099058867.4	Star	564.04883306	3251.11426783	1.06935551408
818809691.4	Star	495.93179306	3282.15841783	600.499791733
1167413212.4	Star	623.02997306	3079.01486383	4.55144679276
1099057662.4	Star	491.17745306	2853.40262983	126.958719016
1108250803.4	Star	1136.14193306	2682.52198783	16.3998440566
1099059601.4	Star	852.62987306	2826.07704583	21.0236752202
1108250319.4	Star	843.86045306	2758.76438983	5.1371967812
1158269933.4	Star	946.34849306	2714.45380783	7660.0720453
588514630.4	Star	963.19361306	2702.91096583	24.4419508859
426055650.4	Star	824.21093306	3012.90964783	7986.4595735
1167413494.4	Star	792.55235306	3005.88014383	158.551529995
1099059333.4	Star	787.36727306	2881.22927983	1.78240305695
990067023.4	Star	595.56503306	2899.09294783	109.657140404
1099058543.4	Star	609.03713306	2983.73643583	47.7518946415
990067084.4	Star	713.30465306	2896.64883583	41.9270992798
1108249356.4	Star	542.48771306	2075.80811983	16.8127934832
1167412352.4	Star	583.40135306	1913.42534983	3.6764684182
990067091.4	Star	1087.30469306	1949.30755783	45.0325107919
818809698.4	Star	950.79719306	2091.19025383	1795329.17712
1167412685.4	Star	544.28159306	2494.75077583	1.93663153689
426055223.4	Star	446.98403306	2297.99916583	1.53538094475
1099057164.4	Star	510.06737306	2576.91254983	2.4312531167
1099057940.4	Star	688.79045306	2475.76435783	1.70274487927
1108249920.4	Star	738.13241306	2472.09604783	289.620756045
1099059530.4	Star	1150.27337306	2020.34839183	2274.85848185
990067181.4	Star	1166.41631306	2119.10168383	322.372669954
1158269920.4	Star	1137.29087306	2167.82577583	2.86011004257
1158269958.4	Star	1200.77327306	2126.53840183	2325.85452291
1099058904.4	Star	1033.67153306	2034.37679983	14728.5677497
1099059620.4	Star	1141.54859306	2077.82003383	4.74318125499
1099060567.4	Star	1179.21971306	2397.23665783	160.759987446
818810346.4	Star	1187.59997306	2413.87715383	20.7866426983
1099059835.4	Star	1063.16291306	2383.21201183	6.0334335955
1099059663.4	Star	1020.55295306	2414.84699383	127.356589303
990066708.4	Star	407.80199306	2036.42611783	347200.919273
426055240.4	Star	397.17569306	2522.34380383	319.983131504
426055079.4	Star	116.47721306	2553.93553183	141.139660472
818808188.4	Star	33.11111306	2271.40891783	561.086908129
818808299.4	Star	19.08083306	2452.37742583	6.23987558075
818808569.4	Star	168.40847306	2427.98951383	1115262.13258
1099054856.4	Star	140.29409306	2429.44497583	61.7831998916
1099054387.4	Star	76.05425306	2373.26713783	2.41073520498
818808719.4	Star	312.20309306	2271.07755583	12780.5667912
1167413056.4	Star	430.97249306	3386.79367783	34.7126440864
990066995.4	Star	414.28667306	3249.10111183	27.3232937002
818809508.4	Star	380.29583306	3278.07176983	12.9649007159
1108249842.4	Star	414.20873306	3194.93430583	1160.30042237
1099057874.4	Star	372.58121306	3262.01382583	64.160372851
1099056801.4	Star	301.13255306	2960.10616183	14.9180761987
1099057290.4	Star	409.81961306	2889.25342783	6.83970028894
588514505.4	Star	272.78669306	2841.98312383	52.9170016075
1167412467.4	Star	180.55163306	3135.32908783	157.137637854
1158269496.4	Star	245.75555306	2796.05365783	30.9002540248
1108249391.4	Star	314.99975306	2718.80631583	444.766639056
1167412406.4	Star	326.33561306	2663.47114783	446.52995645
1099055339.4	Star	133.09571306	2687.04214783	1658.61538009
1108249039.4	Star	89.71157306	2783.75767783	51.8017443409
1099063497.4	Star	1950.09185306	1714.36005583	1.89804975175
818811162.4	Star	2014.36445306	1485.20966983	27.7781601422
1099062980.4	Star	1897.89455306	1604.48837983	1.65592423115
1099060272.4	Star	1382.08673306	1736.19817783	69.9600929446
1099061005.4	Star	1596.69479306	1487.83619383	594.995411461
1108250942.4	Star	1591.90499306	1656.94064983	2.24910180424
1099062270.4	Star	1962.66701306	1117.26259783	317829.352533
818810772.4	Star	1912.34459306	1158.61964983	11.3067041101
1167414516.4	Star	1976.00321306	1381.80114583	2.15072293382
1167414355.4	Star	1875.11987306	1415.08282183	209.788750891
426055849.4	Star	1795.36061306	1272.01835383	53.1740510018
1099061775.4	Star	1743.39461306	1458.50726383	1.43383688335
1099055425.4	Star	486.20009306	1803.41845783	1.29863663773
1099056639.4	Star	749.31599306	1712.95427383	1.38961603494
1167412574.4	Star	903.47069306	1385.56006783	1.91403227697
1099057487.4	Star	1045.55099306	1318.02223183	30.9644677217
588514552.4	Star	894.53693306	1653.77434183	12983.2757137
1099057389.4	Star	962.39621306	1493.82405583	62.052900989
426055325.4	Star	874.16093306	1557.03992983	3.85494734361
1099057042.4	Star	853.92389306	1616.59539583	5.27892861388
1099060336.4	Star	1825.58243306	596.347241834	29.0924522457
1108251200.4	Star	2005.83299306	937.910957834	116.331913913
1099060634.4	Star	1758.83213306	905.061677834	24.6664804913
1167413963.4	Star	1845.08651306	928.930271834	11.8127011578
1167413479.4	Star	1618.42223306	815.810873834	11.1784817702
818810110.4	Star	1622.34821306	884.242841834	9.68266949718
1108250182.4	Star	1444.55591306	989.458889834	1.79287356115
1167413653.4	Star	1696.84427306	870.310337834	1237.53133111
1099059675.4	Star	1681.37525306	682.709981834	5457.97771957
818810309.4	Star	1770.59153306	819.151673834	102.323759666
588514631.4	Star	1683.19865306	826.039931834	14222.7835512
1099058604.4	Star	1234.52165306	1376.16698383	143.401434164
818809899.4	Star	1415.75429306	1131.24874183	634.453701132
1167413993.4	Star	1739.47277306	1250.98252783	307.836556057
1099059716.4	Star	1288.52705306	1737.02448583	3.53975062383
1167413813.4	Star	1568.28179306	1457.73205783	1.29289117091
426055671.4	Star	1437.56705306	1520.13478183	10.2644543383
1099059534.4	Star	1322.71193306	1568.88214783	10630.429322
1099059560.4	Star	1308.51497306	1618.22954383	56.0251080651
1099059808.4	Star	1380.02987306	1538.93160583	18.8239804451
1158269967.4	Star	1491.72527306	1402.55071783	53.3591645616
588514611.4	Star	1415.17397306	1281.93394183	171.631310847
1108250405.4	Star	1418.29193306	1355.08520383	4.64076558568
1099059722.4	Star	1439.23511306	1343.23396783	335.864293664
1099060087.4	Star	1526.45483306	1276.47382183	4.00630809133
1167410853.4	Star	331.33781306	432.769316834	6912.96635336
1108247717.4	Star	204.80483306	622.763645834	1.53173156774
818807897.4	Star	360.64145306	1011.36335983	13.5878186802
990066265.4	Star	96.82103306	991.141511834	27.6778996507
818807475.4	Star	157.91519306	963.494213834	9.0808204534
1099052373.4	Star	332.18435306	768.488531834	3.13617738438
1099051263.4	Star	148.02095306	675.390371834	4.14714700432
1099051839.4	Star	262.14779306	684.138803834	4.13011447937
1099053650.4	Star	212.12183306	1674.11203783	38.0291324212
1099054281.4	Star	386.75999306	1508.70609583	15.1596109
1167411700.4	Star	351.98777306	1598.58299383	32.23073151
1167411336.4	Star	300.33371306	1196.79455383	6.81631034091
1167411525.4	Star	341.74667306	1377.47830183	1.41309886304
1099053934.4	Star	419.18159306	1269.24617383	473.864675024
1099052770.4	Star	164.98937306	1381.12155583	47.932510426
990066464.4	Star	277.34141306	1345.34970583	10.6044439144
1167411377.4	Star	260.34545306	1347.82418383	11.7620362547
1099052761.4	Star	46.69535306	1683.09873583	34.3766479343
1167411122.4	Star	151.73975306	1288.93322383	4.9928213174
1167411085.4	Star	134.35157306	1269.40104583	7.56055391525
1099052392.4	Star	192.62675306	1139.80815583	223.290130907
1108247658.4	Star	9.52769306	1040.75968183	7.0110714175
818809934.4	Star	1771.82723306	241.168432034	53.2334227646
1099057849.4	Star	1590.17933306	56.460058634	5.89625040032
1099057456.4	Star	1462.39553306	209.386764434	274.740222314
1167412763.4	Star	1478.89469306	166.181249234	4.50213077074
1099057177.4	Star	1474.65551306	57.194834834	12.7060720079
1099052534.4	Star	626.87459306	68.309505434	555.292001962
588514368.4	Star	758.68247306	2.965093634	1275.04949709
1099053124.4	Star	678.10601306	224.255673434	26.33104899
818808007.4	Star	783.12233306	51.810426434	5816.08476584
818808685.4	Star	1088.58773306	185.865604634	166.613506055
1099054338.4	Star	915.53141306	157.439174834	5.23936986859
990066609.4	Star	1030.22453306	0.622114634	30.2923586742
1099056570.4	Star	1366.84145306	59.007193634	16.0571779234
1099053845.4	Star	776.83997306	291.085645034	8390.24447734
1108248081.4	Star	449.43743306	478.797215834	111.925484315
1167411191.4	Star	480.53621306	515.559479834	9.5659647669
818807824.4	Star	454.91015306	668.489585834	5776.97831458
818808261.4	Star	652.41371306	749.082641834	349.421344226
1099054081.4	Star	799.71545306	339.207122234	6.68289568379
1167411556.4	Star	731.06579306	397.177038434	16.2108578793
1167411642.4	Star	798.10445306	348.426263234	26.1706063353
1099059374.4	Star	1696.97477306	510.794771834	4.94475249856
1108249707.4	Star	1264.37807306	741.508205834	315.773772706
1158269579.4	Star	1284.39245306	400.918223234	1850.8847263
1167411882.4	Star	501.13163306	1482.69659983	19.178346119
1167411660.4	Star	521.20145306	1098.16281583	8.77037464458
818808508.4	Star	618.79043306	1167.67593583	1370.87103214
1099056110.4	Star	883.39151306	1102.49410183	1.96611643695
1099056705.4	Star	995.05595306	1098.16807183	1.72096733394
1099057589.4	Star	1172.76671306	1030.42201183	6.01713273462
1099056614.4	Star	1018.66763306	996.497573834	1.17384650773
1167412464.4	Star	1012.33379306	954.520061834	63.2215280872
588514542.4	Star	1164.08315306	854.244707834	356.899409287
1099054400.4	Star	620.45489306	961.226591834	6.64290705745
818808624.4	Star	745.11569306	999.216833834	77.0097705019
1108249256.4	Star	1104.02795306	463.370819834	4.7938307469
1167412220.4	Star	930.32579306	823.243037834	16.4149588531
818815655.4	Star	3586.71521306	3748.28211583	4.62214997797
1099074896.4	Star	3261.80621306	3789.88558783	23.1440734242
1099075289.4	Star	3380.92751306	3654.81752983	44.5154357206
1108255347.4	Star	3408.98447306	3669.62270983	44.7530679081
1167418446.4	Star	3217.74131306	3875.23093183	18.6433324821
1108255562.4	Star	3485.40779306	3817.17842983	1.95842882201
1099076166.4	Star	3477.10277306	3816.77182783	38.9714014602
818815724.4	Star	3812.73509306	3220.53444583	139.62807383
1167419394.4	Star	4043.13203306	3061.65793183	2.31329071879
1108255631.4	Star	3674.33975306	3411.25886383	10.3576432203
1099077643.4	Star	3891.96947306	3412.31085583	513.548753568
1108256229.4	Star	4011.89033306	3502.22110783	5.50437117611
1099077731.4	Star	3682.10423306	4012.06410583	6.01002006451
1099078033.4	Star	3719.08235306	4045.56545383	302.155243608
1099078389.4	Star	3831.79601306	3920.30807983	1.192813833
1099077177.4	Star	3679.06007306	3753.64782583	21.846890498
1167419622.4	Star	3976.96799306	3544.25276383	1.89129039144
1099078597.4	Star	3848.47391306	3967.62887383	23.4741368381
990069285.4	Star	3973.95353306	3915.45324583	3357.24211819
990069313.4	Star	4061.00225306	3851.16856783	126.345057141
1108250159.4	Star	375.48407306	3774.33243583	70.2073697469
1099058630.4	Star	348.05135306	3711.50764783	10427.1907095
1099059005.4	Star	291.65663306	4034.10159583	21.7748181963
1099059352.4	Star	358.20623306	4015.90219183	23.4894993297
1099057179.4	Star	8.43905306	3900.82966783	4.65823253827
426055429.4	Star	90.75431306	4052.22502183	2693.6456783
1108249798.4	Star	65.21753306	4039.45596583	107.139176615
1099063216.4	Star	1714.89593306	2197.52892583	325.456431452
1158270373.4	Star	1935.71993306	2069.85629383	1440.98197734
1158270517.4	Star	2003.77217306	2538.78878383	862.466222664
1099061587.4	Star	1284.02435306	2585.89579183	4.36701200841
1099062773.4	Star	1621.59419306	2240.87108983	5175.09455343
1099062313.4	Star	1486.84709306	2389.21483183	582.681994956
1167414335.4	Star	1433.20421306	2557.03516783	1.32295290466
1099064045.4	Star	1863.63227306	2223.75881383	3101.37604418
1099066564.4	Star	1893.83537306	3370.10506783	130.759527862
818811985.4	Star	1790.86043306	3260.50418383	4093.96983682
818812285.4	Star	1952.97959306	3270.18287383	808.78410411
1108252541.4	Star	1875.87587306	3290.11952983	3.23525620499
818811467.4	Star	1512.78221306	3243.01916383	13.3056763795
1167415234.4	Star	1821.05849306	2864.47874983	26.4003153159
1108252354.4	Star	1851.06197306	3075.37861183	39.3259705782
1099058834.4	Star	510.34583306	3378.36060583	95.2271618627
1099059756.4	Star	775.38503306	3100.21312183	464.045948832
1099059826.4	Star	769.25801306	3150.29021983	2754.94891641
588514625.4	Star	678.01079306	3374.72312983	4376.77738398
1099061665.4	Star	1214.32835306	2807.19182383	7.13994484357
1099061562.4	Star	1209.18341306	2775.02470783	48.0651315644
990067395.4	Star	1229.71025306	2993.57249983	296.961212067
1099061946.4	Star	1189.72847306	2989.31661583	76.5007431945
1167414195.4	Star	1218.44297306	2917.95838783	8.92976023997
1099061827.4	Star	1198.58159306	2916.05360983	23.8770774369
1108250680.4	Star	961.94459306	2986.23082183	6.94189035716
1167414371.4	Star	1168.16627306	3293.34725383	3.3623812856
1099061925.4	Star	1057.20833306	3325.55787583	45.5591920285
1167414184.4	Star	1174.77713306	3017.65849783	1.32296886301
818810680.4	Star	1109.22689306	3103.30939183	12889407.6608
1099060943.4	Star	889.03955306	3320.93506183	61.6736113582
426055719.4	Star	848.31527306	3261.06230983	107.374122535
1167414541.4	Star	1244.29493306	3347.93603383	7.21247146256
1108251285.4	Star	1238.87927306	3093.95101183	3.65885997366
1158270236.4	Star	1352.45351306	3025.33441783	20.317927671
426056120.4	Star	1530.01145306	3088.91230783	966843.442183
1099063472.4	Star	1440.11009306	3045.90299983	2.96764010973
818810830.4	Star	1370.14013306	2677.67419183	579236.768174
1099063111.4	Star	1520.02703306	2664.86800183	36.1699896439
1099062767.4	Star	1386.27245306	2859.12947383	1.01602238706
818810832.4	Star	1300.52621306	2867.26727383	37.5062321402
588514839.4	Star	1944.77069306	2658.44909383	2311.84235518
1167415222.4	Star	1849.21355306	2766.15095983	16.380461064
1099065062.4	Star	1868.61017306	2707.91357983	55.1580817231
990067723.4	Star	1897.35275306	2686.37528383	3598.69133834
1167415071.4	Star	1810.68365306	2638.67398783	4.01035393318
1099062857.4	Star	1345.78199306	3000.72573583	1207.1289687
1099063773.4	Star	1585.58357306	2831.18198983	2093.09993609
990067955.4	Star	1970.89049306	3463.45265383	174165.624316
818811827.4	Star	1408.42451306	4029.33852583	13.6553663909
818812374.4	Star	1732.17845306	3999.01262983	25874.7852185
1099066930.4	Star	1730.66285306	3969.02401783	14.1059788051
1099065484.4	Star	1672.58801306	3412.26108583	7.08480454216
1099064019.4	Star	1275.09023306	3757.02525583	8.54245584988
1108251738.4	Star	1350.61319306	3525.01783783	1.64582139209
1099064654.4	Star	1422.10847306	3672.73242583	7.88599258551
1099065069.4	Star	1554.30533306	3539.22309583	91.235609397
1099065044.4	Star	1505.42525306	3654.77785783	18.1252935679
990067093.4	Star	488.43029306	3530.26791583	88.2118406555
1099060647.4	Star	804.33065306	3418.80152983	5.91437202288
1099059337.4	Star	531.57017306	3554.41199983	199.567739755
1167413520.4	Star	607.08737306	3536.54838583	298.268369814
1099060628.4	Star	599.10689306	3949.15747183	147.288851731
818810352.4	Star	614.26145306	3925.82119183	8.74642707791
1099061584.4	Star	825.79151306	3790.33481383	25.0554018253
1108251220.4	Star	828.06221306	4057.79612983	58205.9111878
1158270278.4	Star	1220.42801306	3586.14031183	7.24153909449
1099063386.4	Star	1142.86349306	3780.84425983	6.03617871644
1158270349.4	Star	1191.88577306	3935.32601983	1060.17333389
1099062016.4	Star	860.86451306	3891.68039383	4629.76380835
1099070839.4	Star	3870.60383306	185.094783434	8.53892554917
426057266.4	Star	3833.42573306	1680.78335983	124.063489766
990068673.4	Star	3835.11539306	1723.94903383	143.742152307
990068761.4	Star	4061.80955306	1546.21264183	63.420683706
1099074451.4	Star	4024.69265306	1557.77830783	3.88944768558
1158271535.4	Star	4047.22865306	1605.67502983	13361.9279086
1099066083.4	Star	2401.57631306	1775.05772983	25.007158882
1158270580.4	Star	2381.11319306	1783.09019383	1326.12222125
1108252107.4	Star	2262.05129306	1641.30790183	23.0296774026
818812271.4	Star	2775.88685306	1078.24775983	12.2161891096
818812279.4	Star	2781.20495306	1074.83130583	2554.96315043
1167415838.4	Star	2772.73883306	1198.11627583	7.37470408403
426056443.4	Star	2686.75121306	1370.94286183	45.0127915241
1167415537.4	Star	2544.08141306	1346.71313383	1.94093625451
1108252570.4	Star	2653.76189306	1286.23469983	8.31074120052
1099066467.4	Star	2592.35975306	1461.57516583	43.9553718481
1099069426.4	Star	3570.75587306	326.533999034	201.64149636
1099069335.4	Star	3519.77285306	425.323985834	331.045859863
818813183.4	Star	3528.75845306	379.169293034	4.67450842743
1108253785.4	Star	3584.75537306	716.215919834	32.3896680821
1099069984.4	Star	3504.12743306	778.017047834	91.6615513889
1167416945.4	Star	3555.08237306	780.315719834	93.4273850414
1099067284.4	Star	2932.09733306	976.927397834	23.9853457843
426056553.4	Star	3060.79553306	802.191497834	885.647594159
1099068361.4	Star	3165.81491306	875.692265834	65.8491018501
426056679.4	Star	3209.69963306	865.548797834	33487.1939014
1099072183.4	Star	3529.33391306	1739.62316383	4.17213368852
1099071851.4	Star	3473.16797306	1731.87248983	12.8706517275
1108253553.4	Star	3036.16541306	1821.98803183	6.40578896474
818813137.4	Star	3033.63065306	1634.12203183	87.8069348135
1099071759.4	Star	3592.61687306	1372.20214183	1.08444905329
818813477.4	Star	3306.15875306	1400.96212783	170.748987131
426056937.4	Star	3386.47007306	1420.72148383	5058.71017536
1099071490.4	Star	3588.01193306	1249.66910383	656.670355192
1167416947.4	Star	3276.65045306	1522.76603983	20.011048337
1099071799.4	Star	3570.01949306	1450.23032383	46.1832779725
588515060.4	Star	3430.14239306	1480.00898383	3267385.89639
1158271152.4	Star	3393.00479306	1554.03169783	1.70077537731
1099070505.4	Star	3450.65213306	1144.88573983	547.198627724
1108253551.4	Star	3231.70085306	1303.00083583	198.341910031
1099069441.4	Star	3269.95301306	1130.18702983	446.795693347
1099070135.4	Star	3381.98213306	1162.74512383	12.8155819225
1099068548.4	Star	2898.77501306	1675.08484783	20.5143146815
1099068389.4	Star	2863.04123306	1693.12585183	1.32281848754
1108253155.4	Star	2887.22711306	1548.14596783	7.13060822536
1158270883.4	Star	2975.93795306	1528.60174783	2.45957906148
818812945.4	Star	2947.35953306	1619.82833983	795410.11336
1167416270.4	Star	2862.05285306	1616.95183183	88833.5283185
1167416309.4	Star	3097.13879306	1052.80299583	26.4439423546
1099067967.4	Star	2891.72549306	1411.47166183	11.9108935741
990068045.4	Star	2929.49435306	1379.29455583	12060.9192589
1099068773.4	Star	3149.52671306	1120.98335983	72.1536771835
1158270969.4	Star	3180.50021306	1397.67190783	4.69412335058
1108253446.4	Star	3155.86523306	1307.19710383	3.69784971685
1099068555.4	Star	3024.19991306	1348.58912983	1.56750550223
1099068869.4	Star	3091.90943306	1319.92205983	27.4133461316
1099072923.4	Star	3733.17635306	1585.25867383	28.0496158386
1099073740.4	Star	4011.34835306	1241.84720383	26.9125232272
1099073331.4	Star	3972.65843306	1147.73283583	222.717114992
1158271315.4	Star	3718.38431306	1425.41208583	1.11201427758
1158271401.4	Star	3921.72869306	1306.26715183	19.1678776587
1108253862.4	Star	3707.56199306	508.707077834	4.4464600386
1099070623.4	Star	3735.56423306	445.100830634	162.413125508
426057126.4	Star	4045.96667306	501.882827834	1432.83637884
1108254018.4	Star	3606.42089306	1021.14144583	2.03214427308
1108254351.4	Star	3941.62337306	651.160841834	2.77504328114
1108253961.4	Star	3771.61373306	483.991943834	1.38862284611
818813935.4	Star	3871.70183306	556.629845834	31426.8095405
1099065657.4	Star	2248.20713306	1977.42877783	2.71491664377
1099067909.4	Star	2681.94575306	1943.24805583	104.265263623
1099067678.4	Star	2671.91147306	1855.72352383	840.050163635
1167416079.4	Star	2666.03357306	1849.54894783	183.355903232
1108252682.4	Star	2427.26303306	2059.42387183	155.51156496
1099066901.4	Star	2454.78449306	2040.75853783	2.47946610741
1099066904.4	Star	2500.84793306	1920.53997583	11541.1957637
818812117.4	Star	2249.90165306	2233.65803983	273.95162447
1167415762.4	Star	2314.50779306	2286.61052983	58.1352840041
818812250.4	Star	2311.47587306	2280.33497383	187.167672437
426056436.4	Star	2367.92441306	2193.79714783	36.2126933647
1099066731.4	Star	2368.73999306	2200.56728983	6.78434167684
818814016.4	Star	3383.50907306	1983.41879983	19.7957822026
1167417198.4	Star	3146.53889306	2227.19999983	120.069581276
990068326.4	Star	3085.53023306	2238.31085983	187.803428896
818813400.4	Star	2907.83387306	2347.39876183	72.4375092895
1167416865.4	Star	2899.74917306	2409.90822583	737.777575448
1108253492.4	Star	2992.56779306	1833.08173783	1128.99785299
1099068812.4	Star	2859.55553306	1908.69761383	2.08518400152
1099070331.4	Star	3143.85239306	1883.19829183	64.8573090129
1099069711.4	Star	2933.64371306	2162.61232783	14.9580509178
1099067811.4	Star	2167.57937306	3251.26858183	5.91435940084
1167416390.4	Star	2390.84777306	3042.36173383	1.24528753519
1099068528.4	Star	2377.39367306	3046.94750383	1.38767425552
1099068240.4	Star	2328.68963306	3034.98884383	6.37592695442
1099067453.4	Star	2122.46939306	3196.62434383	1.92315546584
1167415694.4	Star	2124.05069306	2676.12376183	7.96494282989
1108252495.4	Star	2024.58107306	2823.59059783	2439.85082124
1099066485.4	Star	2065.68695306	2858.49524383	4.39353766176
1099067117.4	Star	2201.91941306	2819.08469383	861.152428507
1099069582.4	Star	2729.21753306	2639.07986983	5.01961261866
818813209.4	Star	2690.00291306	2643.53312383	13.7879689248
1099068360.4	Star	2497.14317306	2644.12881583	14.2238849528
1099069019.4	Star	2563.14755306	2797.49945383	2.95492041937
1167415988.4	Star	2247.40127306	2810.50931383	2.43949396344
1108253286.4	Star	2415.90107306	2992.80607783	1.89729973949
1099068433.4	Star	2389.05875306	2970.56146183	1.01204675967
1099069654.4	Star	2777.96909306	2545.61476183	13.9554698935
1108253484.4	Star	2737.21169306	2487.57912583	35.9920254632
818812097.4	Star	2086.68557306	2615.42246983	1559.16461402
1099068382.4	Star	2793.80909306	1873.06913383	63.6961109765
1099067591.4	Star	2557.91207306	2119.76825983	2.6726732635
1108253229.4	Star	2745.17327306	2027.32706383	14.6842823609
426056631.4	Star	2695.63079306	2045.38937983	140.215255646
1099068121.4	Star	2659.25837306	2104.15819183	1.24165745442
1099068057.4	Star	2528.52779306	2417.41607983	3.5185482346
1167418799.4	Star	3737.05229306	3052.39349383	89.0937337547
1167418709.4	Star	3619.86473306	3210.90548983	9.2566283221
818815361.4	Star	3827.05913306	2694.00796783	738.11074101
1099077185.4	Star	4015.80461306	2859.26546383	129.818849494
1099076633.4	Star	3867.09707306	2975.76279583	1.58962563156
1099077007.4	Star	3941.51393306	2958.58325383	1.16812083769
1108255590.4	Star	3836.16227306	2922.15465583	5.45689741059
588515163.4	Star	3641.46275306	2147.28025183	2003221.30562
1108254699.4	Star	3621.16523306	2096.50477183	954.469079287
1099075136.4	Star	3887.85107306	2226.85198783	1.16020061251
990068846.4	Star	3896.84729306	2297.92545583	970.465922919
1108255150.4	Star	3799.69175306	2313.83975983	73.6358655276
818815029.4	Star	3765.24587306	2387.34410983	26.1957549793
818815124.4	Star	3920.54933306	2113.39170583	1515.0993543
818814780.4	Star	3755.26667306	2076.90856783	2.45909875656
1099074927.4	Star	3992.41703306	1859.89343983	2.71043857242
1158271575.4	Star	3999.53027306	1957.62953383	5.13284625739
426057437.4	Star	3978.99767306	1954.05493183	3264111.12148
818815241.4	Star	3916.55819306	2308.85397583	1.44327682377
1167418700.4	Star	3947.48993306	2319.89699383	3.66399150141
1099075983.4	Star	3977.92811306	2393.00408383	12.3925936547
1158271616.4	Star	3884.35961306	2444.99375383	553.348557832
426057520.4	Star	3896.53445306	2475.75123583	139306.855177
1099076251.4	Star	4001.26385306	2453.74033183	175.439626222
818812567.4	Star	2038.12049306	3482.30601583	52.7468634123
818812740.4	Star	2151.07355306	3437.27116783	9.5050443535
818813092.4	Star	2311.42079306	3488.82116983	795.016038662
1099068304.4	Star	2166.44681306	3491.21502583	846.185483066
1099070691.4	Star	2620.56017306	3427.29385783	1611.01625601
1108253698.4	Star	2439.01739306	3630.90681583	1.85160879625
1167417138.4	Star	2572.75919306	3648.16553983	541.288085117
1099070669.4	Star	2518.36517306	3691.09229983	1.26050887888
1099069345.4	Star	2156.75993306	4037.90038783	1.05372852539
1099069647.4	Star	2289.99035306	3833.26965583	7.11929380823
1099068761.4	Star	2070.34301306	3970.53306583	3.4401123549
818812815.4	Star	2066.88431306	3771.11288383	6.94454878605
426056649.4	Star	2062.39187306	3787.67171383	52.6714290214
818813245.4	Star	2383.18193306	3505.08276583	609.635435001
990068190.4	Star	2345.65409306	3596.08604983	1089.45464269
1099069683.4	Star	2392.84505306	3578.09875783	12.1222339945
818814801.4	Star	3056.00141306	3957.37157383	115.703354191
818814381.4	Star	3008.41157306	3507.60436783	192.057344442
426057142.4	Star	2947.06181306	3492.72164383	14835.1536831
1099070967.4	Star	2564.14313306	3700.60175383	138.149442655
1099072728.4	Star	2785.08485306	3997.91430583	8.99179197591
1158271123.4	Star	2426.28545306	4037.70276583	1.66473760178
1099070663.4	Star	2460.93689306	3841.12269583	3.94524374585
1099071072.4	Star	2529.62111306	3841.67138983	12.3877669717
1167417274.4	Star	2544.54779306	3926.26121983	1.78299167445
818814963.4	Star	3370.42577306	3344.80784983	14.8555088095
1099075284.4	Star	3567.85841306	3152.75551783	160.633154301
1108255319.4	Star	3570.11777306	3193.60378183	18.6422431434
1099074885.4	Star	3511.45955306	3121.34985583	1.71310643383
1108254613.4	Star	3073.39535306	3399.35999983	3.20696940598
1099073117.4	Star	3144.10943306	3246.05698783	18.2391775676
990068571.4	Star	3082.33235306	3253.61804983	3.58032287441
1099074192.4	Star	3562.82039306	2664.85090183	125.500012778
1099074568.4	Star	3579.20633306	2803.65404983	371.297855678
1099073860.4	Star	3452.70287306	2789.46086983	15.5008123089
1099075130.4	Star	3605.79305306	2974.91202583	15.2923362945
1099073652.4	Star	3286.51121306	3127.84688383	9.08231581736
1108254758.4	Star	3303.59573306	3032.41415983	1.45369722045
818812696.4	Star	2148.09689306	3393.53341783	84186.7436751
1108253268.4	Star	2368.87877306	3086.94224383	3.74495196015
1099069176.4	Star	2398.48535306	3303.76565383	226.27987927
1167416498.4	Star	2385.95951306	3225.08093983	174.149916419
1099068526.4	Star	2253.30995306	3374.75171383	2.1324051416
818813540.4	Star	2769.39803306	2911.99108183	644.146106611
1167416970.4	Star	2766.66329306	2911.69613383	188.476168461
1167416968.4	Star	2664.60131306	3177.25333783	132.860694856
1099069405.4	Star	2421.84863306	3360.59111383	5.21368014649
1099069347.4	Star	2447.94431306	3267.52979983	1.5818380198
1108254525.4	Star	3569.09087306	1937.01962383	7.24366264835
1167417911.4	Star	3580.87547306	2130.49856383	20.8663765261
990068657.4	Star	3490.20245306	2574.99616183	648.050953516
990068699.4	Star	3581.54597306	2497.15134583	4.39715803075
1099072928.4	Star	3346.78385306	2614.02120583	4.11405565358
1108254733.4	Star	3577.06271306	2270.02068583	271.598218931
1099070478.4	Star	2906.57603306	2574.09839383	3.97166552356
1099071216.4	Star	3071.31275306	2473.45376983	11.1544029955
1099072093.4	Star	3323.23859306	2240.69389783	301.154060541
1108254209.4	Star	3081.22805306	2708.88667783	1.66641954627
1167417168.4	Star	2906.10101306	2822.23487383	5.85208504216
1158271146.4	Star	2880.43103306	2887.78140583	4.30937565197
1108254713.4	Star	3374.49917306	2774.58521983	342.659769839
1099071483.4	Star	2836.68905306	3236.02610983	6.57219201408
1099072006.4	Star	2925.06851306	3253.91423983	1.20625892932
1099072517.4	Star	3083.75723306	3090.73442983	1.72822633502
1099072573.4	Star	3166.09517306	2900.75684983	81.7857705894
1099071721.4	Star	2992.53575306	2945.20563583	1604.61112027
1099072504.4	Star	3204.17723306	2765.89283983	11235.4605642
1158271295.4	Star	3179.17199306	2758.90738183	80.2349357173
1099071817.4	Star	3053.52983306	2829.19165783	2025.67502434
1099072079.4	Star	3049.31153306	2962.55605183	2067.00761523
990068436.4	Star	3033.01883306	2901.78788983	10.1764238737
97118608.5	Star	2617.14413306	423.126574634	11.4328243384
91513619.5	Star	2321.89931306	574.270313834	6.23456758843
14610317.5	Star	2521.64891306	980.536649834	22.0259127797
84334387.5	Star	2477.44901306	709.828637834	7.25560111309
64040203.5	Star	2834.32817306	229.987303634	9.24371462459
64040140.5	Star	1783.33751306	1971.34762183	2.83414288044
94535355.5	Star	1969.62581306	426.544337234	5.55200650248
91513554.5	Star	1268.35805306	1625.54868583	3.68069517251
103838324.5	Star	1997.72759306	2108.15208583	15.2145423877
64040117.5	Star	1438.08455306	2462.81128783	13.6463029947
84334365.5	Star	819.70319306	3657.14071783	1.82012247665
91513785.5	Star	3406.38311306	1825.35683983	2.63425676916
64040293.5	Star	2975.59343306	1265.37068383	1.37481327807
64040340.5	Star	2903.53367306	2291.75257183	13.4970705096
91513770.5	Star	3055.14335306	2392.63628983	3.69165430429
